3.110375524210264302151423063050560067016321122011160210514763072002027
3724616611633104505120207461615002335737124315474647220615460126051557
4457424156477411526655524341105711026653546113637543364230413515143375
5326057772713336401533755734341537665521147722656476220213704543771444
4503145075471055475604001745612054357602630664440660705272346464426177
2437511147537406625351075624353313034305715261010252256717325122035604
5513155316060652344527446002361350660106241404137031220274430561554707
3707171671301401641401633117016427300364243732705273701572305131167425
7137551253005614071452445747251255271212722114142307640242005271216265
0525261026655146134150105017214724125103257370713514473175605010543337
3605212724705272720301437331627037026467036230752772656431554111475343
6431123402242254147347343644230326456715374227772015546120206233035401
1631754415231051037126140273662001456760427256751412726616702304300565
5450670404342237201647132546120755533771603750410711340550440522204100
0215162170112474176332742070632041366722662323160623430325723421701522
4320322660520573211301751624253242316433356741333011572167622721677012
0375754524612076131216471536005663154513117501103035042147350303121267
6375507660451341473426572767006756566102701100715000644223725540552514
4732352461066176734060677733734441233004364676415344464005022221554177
2551511743402330165156262300231066754456507473075564336757617762401526
6362460734566634057202300015353015224766620117540610571344754103132422
1433217555753637154247324231633135316651354336667742421763314112454631
0050521127536572046767075000467431512772630171200343113445663601456502
5642710350077220265747156351773666525716013643230031012655204006144005
4344745474762277676617643631072457237433314421370170724266777654132612
4572401731053202522526310755537537510703540246305732203700067701236270
5367362467614500152072542733705664733652412507542417677741654316313064
3047525346645331173027362454310703776432733436004320020764366307722060
3560453745526605564351533464517443633337021262722434446742277562744160
7357455524462677063305754232034734461564357101453321547351400350176475
7705374217664453557322332722044314352533071613271172550150216643502576
1622740434361331370716545133617755613737441105331104210560112200337003
4237265365006421760616321637706215472430153227457104142760341356772472
4557750540207720745501460175526756472014254747533164236123155124117701
7642370133574610356016452665066213137504632004527340544746163050204320
5073746532201453573277241543524205727734723271772746657030754764232032
6202157235341717622200045034264403433153610464000566536707012744431033
2337400467107452543442165316772325236140503423545322467744037255642005
6267161301446006731424534765104344031320471632244066321626712366122512
2415521000512322462442565407527177362336156205330122166403631640000427
2337325270676443774513354326250156621266630662441717347715557746401227
3054125314424730055273246374372041056443631335024073244557234164665546
2450466672411135420311142165533523260223237373731635630134217733311467
3125214342646320577752631051154605306367021446600522565022460515005442
3201620301643707725114232266412353126561771153231756377265035123401767
7501417251513234346740225356024633510103204341654463070135161401036630
5701132065477175353576223622706012153324702413207746541051240705032674
7051405524500071563700741016177675271344347650473053426745342601655506
7740500140337003407602002001317775340636506436265351310454067513067004
4415735062104774574522277664503110734621365216004727136260115741332671
4426535432232747566475224214121407720006073546214347651072436203610706
331447372407057145002735021407
